% Parámetros aumentados
Ib = 15;
Gb = 4.5;
p4 = 0.134;
n = (5/54)/60; % 1/s
p1a = 0.056 / 60; % 1/s
p2a = 0.05 / 60; % 1/s
p3a = 0.000026 / 3600; % 1/s
p6 = 0.003349 / 60; % 1/s
Vi = 12;
