% Parámetros disminuidos
Ib = 15;
Gb = 4.5;
p4 = 0.134;
n = (5/54)/60; % 1/s
p1d = 0.014 / 60; % 1/s
p2d = 0.0125 / 60; % 1/s
p3d = 0.0000065 / 3600; % 1/s
p6 = 0.003349 / 60; % 1/s
Vi = 12;
