% Parámetros base
Ib = 15;
Gb = 4.5;
p4 = 0.134;
n = (5/54)/60; % 1/s
p1 = 0.028 / 60; % 1/s
p2 = 0.025 / 60; % 1/s
p3 = 0.000013 / 3600; % 1/s
p6 = 0.003349 / 60; % 1/s
Vi = 12;
na = 2 * n;            % Aumentado
nd = 0.5 * n;          % Disminuido
